[2.jpg]
filters=autolight=1;Vignette=1,35.000000,1.000000,0.000000,00000000;HDR=1,20.000000,3.807018,55.555557;Boost=1,3.508772;CrossProcess=1,69.005844;
moddate=005a371c2a67ce01
width=600
height=250
textactive=0
[6.jpg]
filters=autolight=1;autocolor=1;autolight=1;Boost=1,5.847953;unsharp2=1,0.245614;PicnikGrain=1,4.970760,0;
moddate=003174cb2a67ce01
width=600
height=250
textactive=0
